Pt GTH-PADE-q18 GTH-LDA-q18
    3    6    9
     0.50000000    2     5.44583159     1.15638204
    3
     0.40994150    3     2.99436565     2.88489700     1.03520925
                                       -7.44877202    -2.67289879
                                                       4.24309529
     0.39865199    2    -0.22518140     1.59606293
                                       -3.77697426
     0.36796397    2     0.63206655     2.53790667
                                       -5.75543134
