Re GTH-PADE-q15 GTH-LDA-q15
    4    6    5
     0.53000000    2     5.59266028     0.94395680
    3
     0.40325199    3     2.76072043     2.47732079     0.21194880
                                       -6.39641476    -0.54724946
                                                       0.86873158
     0.44095069    2    -0.90054631     1.06118049
                                       -2.51121137
     0.39039544    2     0.87525142     2.50135628
                                       -5.67254285
